11111181111811111 ’ 181

1161811888 8111118188 8818811118 1181 8811111811, 111 111δῶ111388 du 1111118811118 81
11 1111181118, 111138 1888 , 1, p. 81.
1181118 1188183818 118 M. 11811818 18111111 11 118111, 118. 108.
1811318 18 1881 8111113811
Observationum 1118 118113 81118 81111 1111, 11311111 1111118 1111. D. 1118 111111
8111188. 1118181311 1881.
11111811811 11811881 81 1118 1181118 1811, 1811 81 1118 188811 prom 81111 8111113, 11 (181·
many 11318111 11111111. V. D. 11111, 1111811. 1881, 11. p. 888.
1188111118111181111181 mammaeae, 11. p. 888.
1181881131831881 omne 1181 1111881811. 1. p. 881.
18111131881018118 &praecipuae 8818118381118881111111111111811811811111,31111181111
1. 1. 1111 111181, 1181111111 1888, 1 l. p. 881.
08118 d'oeil 181 181 1111811111881 188181881 1181 181 universitas 188 Psya-Bu, 88111111

. 188888 88111. 1881 1 1888, 11.. p. 80 81 811.

888811811113188111881811881811811188 118 18 11811811188 88118 1818118181 11818131 81 m
m'pt' 81181 181 Romaim 1111 11. 181111, 118811. end 1881, 88 1181

11.1.11111111,1)118811111811881111881818818188118, Im. 1881, 181 81111138118111831138
1881111811 811 1181381113, 1888, ΙΠ, 111. 818. ,

081811111888 181 18 droit 11ωωί1188811 81118 1831181181 1188111 18 droit 11881111, 181 1818
18 1111118188 81181113111111818 modernos, 111 11111. du 1111188. 81 18 18111. 1111181181 1888,
11, p„ 811 8 p. 111, 1188, 111, p. 811. ·

881 181 The 11111181 1111118113 18811818118111111818888 181 1831111188, 11. 1888,
11888811). 111.

88118118138811881 18 droit 1 1881188111 18 11881181, 1. 18. 888.

0181 188 118 118 het 1111· 18811811 181 1118111 1118181, 111 111111. 111 18311381 111.
111. 881.

8888181381 iiber 118111, 11811 l 8. 18 181 1111. 1811811111 111 1181111111811811111,
18 zeitschr„ 1. 1 p. 801.

018118 aditio 1881118111 111 3181111113 1811818113113 18188188 188 8113811111 81 18
leguminum 18388 111. 8. 1. 1111 11811, 111 81111. 181 18311311. IV, 111. 088.

088113838188 11118188, 111 1111111138 181 18 1181811118811 118 1181 1131831881 8118111111
11 11 1181811111881 881838188111 1881111. 1. 8. 8ο11181,111111111.181118318381. IV,
bl. 111.

1811113 1111 1811 111188811 118111111818118 11. 1888111 8811111, 1181. 118 11811 11811111 1
111111811111 111ὰί818813, 181 1118118111. du 181118. 8111 Publ. 1810, ΠΙ, p. 111.

1111118 (1118 1811188111118 1831111 181 11 1818811111111681181116118118, aveo 1181 1181113181 118
11. 11811188, 11. p. 181.

1111181118 11111 11881111 1188888111. 188111, Dm, 1880.

11111111 88118111 188 1811 1181811831318111 181 8811818 coemo, 111 118881 01111111.
1111111 11, s, 111.

 

